0 0 0
0.1 0 0
0.2 0 0
0.3 0 0
0.4 0 0
0.5 0 0
0.6 0 0
0.7 0 0
0.8 0 0
0.9 0 0
1 0 0
1.1 0 0
1.2 0 0
1.3 0 0
1.4 0 0
1.5 0 0
1.6 0 0
1.7 0 0
1.8 0 0
1.9 0 0
2 0 0
2.1 0 0
2.2 0 0
2.3 0 0
2.4 0 0
2.5 0 0
2.6 0 0
2.7 0 0
2.8 0 0
2.9 0 0
3 0 0
3.1 0 0
3.2 0 0
3.3 0 0
3.4 0 0
3.5 0 0
3.6 0 0
3.7 0 0
3.8 0 0
3.9 0 0
4 0 0
4.1 0 0
4.2 0 0
4.3 0 0
4.4 0 0
4.5 0 0
4.6 0 0
4.7 0 0
4.8 0 0
4.9 0 0
5 0 0
5.1 0 0
5.2 0 0
5.3 0 0
5.4 0 0
5.5 0 0
5.6 0 0
5.7 0 0
5.8 0 0
5.9 0 0
6 0 0
6.1 0 0
6.2 0 0
6.3 0 0
6.4 0 0
6.5 0 0
6.6 0 0
6.7 0 0
6.8 0 0
6.9 0 0
7 0 0
7.1 0 0
7.2 0 0
7.3 0 0
7.4 0 0
7.5 0 0
7.6 0 0
7.7 0 0
7.8 0 0
7.9 0 0
8 0 0
8.1 0 0
8.2 0 0
8.3 0 0
8.4 0 0
8.5 0 0
8.6 0 0
8.7 0 0
8.8 0 0
8.9 0 0
9 0 0
9.1 0.25728 0
9.2 0.6432 0
9.3 0.68608 0
9.4 0.8576 0
9.5 1.2864 0
9.6 1.02912 0
9.7 1.62944 0
9.8 1.2864 0
9.9 1.32928 0
10 1.11488 0
10.1 1.37216 0
10.2 1.58656 0
10.3 1.24352 0
10.4 1.02912 0
10.5 1.2864 0
10.6 1.45792 0
10.7 1.54368 0
10.8 1.37216 0
10.9 1.24352 0
11 1.072 0
11.1 1.24352 0
11.2 1.58656 0
11.3 1.62944 0
11.4 1.7152 0
11.5 1.5872 0
11.6 1.26976 0
11.7 1.02784 0
11.8 1.14304 0
11.9 1.1488 0
12 1.43168 0
12.1 1.47648 0
12.2 1.6384 0
12.3 1.55456 0
12.4 1.18976 0
12.5 0.98304 0
12.6 1.104 0
12.7 1.06496 0
12.8 1.43552 0
12.9 1.72032 0
13 1.55648 0
13.1 1.6384 0
13.2 1.18592 0
13.3 0.98304 0
13.4 1.2288 0
13.5 1.06496 0
13.6 1.43552 0
13.7 1.67744 0
13.8 1.43552 0
13.9 1.59552 0
14 1.27168 0
14.1 1.104 0
14.2 1.10784 0
14.3 1.14688 0
14.4 1.39264 0
14.5 1.6384 0
14.6 1.59552 0
14.7 1.51744 0
14.8 1.34976 0
14.9 0.98304 0
15 1.14688 0
15.1 1.2288 0
15.2 1.47456 0
15.3 1.47456 0
15.4 1.55648 0
15.5 1.55648 0
15.6 1.14688 0
15.7 1.10784 0
15.8 1.18592 0
15.9 1.18976 0
16 1.55648 0
16.1 1.72032 0
16.2 1.55648 0
16.3 1.34976 0
16.4 1.27168 0
16.5 0.94016 0
16.6 1.31072 0
16.7 1.27168 0
16.8 1.39264 0
16.9 1.75936 0
17 1.3536 0
17.1 1.5136 0
17.2 1.2288 0
17.3 0.98304 0
17.4 1.10784 0
17.5 1.26784 0
17.6 1.39264 0
17.7 1.55648 0
17.8 1.51744 0
17.9 1.47456 0
18 1.18592 0
18.1 0.98304 0
18.2 0.98304 0
18.3 1.14688 0
18.4 1.43552 0
18.5 1.6384 0
18.6 1.67744 0
18.7 1.59936 0
18.8 1.2288 0
18.9 1.104 0
19 0.98304 0
19.1 1.02592 0
19.2 1.47456 0
19.3 1.59552 0
19.4 1.68128 0
19.5 1.43168 0
19.6 1.31072 0
19.7 1.06496 0
19.8 0.98304 0
19.9 0.49152 0
20 0.57344 0
20.1 0 0
20.2 0 0
20.3 0 0
20.4 0 0
20.5 0 0
20.6 0 0
20.7 0 0
20.8 0.16768 0
20.9 4.62656 0
21 5.69152 0
21.1 0 0
21.2 0 0
21.3 0.57344 0
21.4 1.23392 0
21.5 2.144 0
21.6 0.47168 0
21.7 1.62944 0
21.8 1.20064 0
21.9 1.62944 0
22 1.11488 0
22.1 1.7152 0
22.2 0.90048 0
22.3 1.54368 0
22.4 1.45792 0
22.5 1.32928 0
22.6 1.37216 0
22.7 1.32928 0
22.8 1.41504 0
22.9 1.45792 0
23 1.41504 0
23.1 1.2864 0
23.2 1.45792 0
23.3 1.37216 0
23.4 1.32928 0
23.5 1.58656 0
23.6 1.2864 0
23.7 1.54368 0
23.8 1.2864 0
23.9 1.5008 0
24 1.32928 0
24.1 1.37216 0
24.2 1.5008 0
24.3 1.11488 0
24.4 1.5008 0
24.5 1.32928 0
24.6 1.5008 0
24.7 1.41504 0
24.8 1.24352 0
24.9 1.5008 0
25 1.2864 0
25.1 1.5008 0
25.2 1.45792 0
25.3 1.2864 0
25.4 1.45792 0
25.5 1.37216 0
25.6 0.8576 0
25.7 1.67232 0
25.8 1.15776 0
25.9 1.62944 0
26 1.2864 0
26.1 1.2864 0
26.2 1.15776 0
26.3 1.32928 0
26.4 1.45792 0
26.5 1.41504 0
26.6 1.41504 0
26.7 1.41504 0
26.8 1.37216 0
26.9 1.41504 0
27 1.37216 0
27.1 1.41504 0
27.2 1.45792 0
27.3 1.45792 0
27.4 1.37216 0
27.5 1.41504 0
27.6 1.41504 0
27.7 1.37216 0
27.8 1.5008 0
27.9 1.37216 0
