0 0 0 0 0 0
0.1 0 0 0 0 0
0.2 0 0 0 0 0
0.3 0 0 0 0 0
0.4 0 0 0 0 0
0.5 0 0 0 0 0
0.6 0 0 0 0 0
0.7 0 0 0 0 0
0.8 0 0 0 0 0
0.9 0 0 0 0 0
1 0 0 0 0 0
1.1 0 0 0 0 0
1.2 0 0 0 0 0
1.3 0 0 0 0 0
1.4 0 0 0 0 0
1.5 0 0 0 0 0
1.6 0 0 0 0 0
1.7 0 0 0 0 0
1.8 0 0 0 0 0
1.9 0 0 0 0 0
2 0 0 0 0 0
2.1 0 0 0 0 0
2.2 0 0 0 0 0
2.3 0 0 0 0 0
2.4 0 0 0 0 0
2.5 0 0 0 0 0
2.6 0 0 0 0 0
2.7 0 0 0 0 0
2.8 0 0 0 0 0
2.9 0 0 0 0 0
3 0 0 0 0 0
3.1 0 0.30016 0 0 0
3.2 0 1.37216 0 0 0
3.3 0 2.65856 0 0 0
3.4 0 2.65856 0 0 0
3.5 0 2.74432 0 0 0
3.6 0 2.65856 0 0 0
3.7 0 2.7872 0 0 0
3.8 0 2.65856 0 0 0
3.9 0 2.74432 0 0 0
4 0 2.74432 0 0 0
4.1 0 2.61568 0 0 0
4.2 0 2.5728 0 0 0
4.3 0 2.49152 0 0 0
4.4 0 2.70528 0 0 0
4.5 0 2.58048 0 0 0
4.6 0 2.5824 0 0 0
4.7 0 2.5376 0 0 0
4.8 0 2.62144 0 0 0
4.9 0 2.62144 0 0 0
5 0 2.62144 0 0 0
5.1 0 2.66048 0 0 0
5.2 0 2.62144 0 0 0
5.3 0 2.53952 0 0 0
5.4 0 2.62144 0 0 0
5.5 0 2.5824 0 0 0
5.6 0 2.70336 0 0 0
5.7 0 2.62144 0 0 0
5.8 0 2.57856 0 0 0
5.9 0 2.4576 0 0 0
6 0 2.66432 0 0 0
6.1 0 2.57856 0 0 0
6.2 0 2.62144 0 0 0
6.3 0 2.50048 0 0 0
6.4 0 2.66048 0 0 0
6.5 0 2.62144 0 0 0
6.6 0 2.62144 0 0 0
6.7 0 2.62144 0 0 0
6.8 0 2.53952 0 0 0
6.9 0 2.5824 0 0 0
7 0 2.70336 0 0 0
7.1 0 2.57856 0 0 0
7.2 0 2.5824 0 0 0
7.3 0 2.4576 0 0 0
7.4 0 2.53952 0 0 0
7.5 0 2.66048 0 0 0
7.6 0 2.62144 0 0 0
7.7 0 2.62144 0 0 0
7.8 0 2.5824 0 0 0
7.9 0 2.62144 0 0 0
8 0 2.53952 0 0 0
8.1 0 2.62144 0 0 0
8.2 0 2.37568 0 0 0
8.3 0 2.41472 0 0 0
8.4 0 2.62144 0 0 0
8.5 0 2.5824 0 0 0
8.6 0 2.49664 0 0 0
8.7 0 2.66432 0 0 0
8.8 0 2.62144 0 0 0
8.9 0 2.49664 0 0 0
9 0 2.4576 0 0 0
9.1 0.04288 1.27168 0 0 0
9.2 0.38592 0.53056 0 0 0.17152
9.3 0.30016 0 0 0 0.25728
9.4 0.30016 0 0 0 0.34304
9.5 0 0 0.08576 0.38592 0.25728
9.6 0.34304 0 0.34304 0.04288 0.04288
9.7 0.55744 0.2496 0 0 0.34304
9.8 0 2.08704 0 0.38592 0.51456
9.9 0.55744 0.58112 0.60032 0.2144 0.12864
10 0.81472 1.9584 0 0.08576 0.51456
10.1 0 1.55648 0.08576 0.25728 0.60032
10.2 0.08576 1.1584 0.68608 0.6432 0.17152
10.3 0.77184 3.10912 0.2144 0 0.2144
10.4 1.20064 0.90048 0 0 0.68608
10.5 0.08576 1.37216 0.12864 0.34304 0.77184
10.6 0 0.8576 0.47168 1.072 0.38592
10.7 0.68608 0.98624 0.81472 0 0.25728
10.8 0.98624 0.72896 0 0 0.47168
10.9 0.8576 0.81472 0 0.08576 0.2144
11 0.17152 0.68608 0 0 0.4288
11.1 0 0.51456 0.12864 0.4288 0.98624
11.2 0.60032 0.08576 0.77184 0.8576 0.34304
11.3 0.47168 0.68608 0.6432 0.30016 0.38592
11.4 0.77184 1.20064 0 0.12864 0.55744
11.5 0.98624 1.02912 0 0 0.55744
11.6 0.60032 0.55744 0.25728 0.25728 0.4288
11.7 0 0.72896 0.60032 0.47168 0.51456
11.8 0.60032 0.6432 0.34304 0.6432 0.47168
11.9 0.4288 0.4288 0.51456 0.6432 0.55744
12 0.47168 0.6432 0.17152 0 0.55744
12.1 0.6432 0.60032 0 0.25728 0.51456
12.2 0.51456 0.47168 0.17152 0.34304 0.72896
12.3 0.34304 0.34304 0.38592 0.81472 0.77184
12.4 0.47168 0 0.68608 0.6432 0.6432
12.5 0.25728 0.04288 0.6432 0 0.81472
12.6 0.12864 0 0 0.60032 0.51456
12.7 0 0 0.04288 0.08576 0.4288
12.8 0 0 0.34304 0.47168 0.47168
12.9 0 0 0.2144 0.12864 0.34304
13 0 0 0.2144 0 0
13.1 0 0 0.6432 0.12864 0
13.2 0 0 0.34304 0.38592 0
13.3 0 0.25728 0.47168 0.6432 0
13.4 5.18848 0.6432 0.04288 0.60032 0
13.5 0.04288 1.24352 0 0 0.04288
13.6 0 0.17152 0 0.6432 0
13.7 0 0.30016 0 0.30016 0
13.8 0.2144 2.3584 0.12864 0.30016 0
13.9 0 0.30016 0.51456 0.77184 0
14 0.25728 0.4288 0.34304 0.30016 0.2144
14.1 0.47168 0.34304 0.2144 0 0.25728
14.2 0.4288 0.30016 0.4288 0 0.81472
14.3 0.30016 0.47168 0.2144 0.25728 0.25728
14.4 0.81472 0.30016 0 0.47168 0.12864
14.5 0 0.34304 0 0.68608 0.04288
14.6 0 0.4288 0 0.8576 0.30016
14.7 0.55744 0.38592 0 0.55744 0.30016
14.8 0.68608 0.38592 0 0 0.55744
14.9 0.55744 0.25728 0.04288 0.60032 0.77184
15 0.30016 0 0.17152 0.94336 0
15.1 0.04288 0.55744 2.7872 0.72896 0.68608
15.2 0.30016 0.4288 0.04288 0.60032 0.17152
15.3 0.17152 0.6432 0.2144 0.55744 0.25728
15.4 0.25728 0.34304 0.2144 0.2144 0.51456
15.5 0.51456 0.08576 0.2144 0.47168 0
15.6 0.55744 0.12864 0.17152 0.81472 0
15.7 0.55744 0.60032 0.04288 0.72896 0
15.8 0.25728 0.68608 0.25728 1.11488 0
15.9 0.17152 0.30016 0.17152 0.77184 0
16 0.34304 0.30016 0.30016 0.55744 0.25728
16.1 0.12864 0.17152 0.34304 1.072 0.25728
16.2 0.34304 0.47168 0 0.8576 0
16.3 0.38592 0.2144 0.17152 0.98624 0
16.4 0.6432 0.04288 0.25728 1.20064 0
16.5 0.34304 0.6432 0.25728 0.6432 0.12864
16.6 0.2144 0.47168 0.17152 0.8576 0.47168
16.7 0.38592 0.6432 0.25728 1.11488 0.04288
16.8 0.68608 0.17152 0.25728 1.5008 0
16.9 0.25728 0.6432 0.30016 1.41504 0.04288
17 0.38592 0.38592 0.2144 1.24352 0.55744
17.1 0.30016 0.72896 0 1.54368 0.12864
17.2 0.38592 0.17152 0.51456 1.62944 0
17.3 0.51456 0.30016 0.17152 1.24352 0.04288
17.4 0.4288 0.51456 0.25728 1.15776 0.34304
17.5 0.17152 0.6432 0.08576 1.41504 0.34304
17.6 0.51456 0.51456 0.34304 1.24352 0
17.7 0.60032 0.30016 0.34304 1.43808 0.04288
17.8 0.38592 0.47168 0.25728 0.98496 0.34304
17.9 0.12864 0.55744 0.08576 1.51552 0.34304
18 0.47168 0.6432 0.25728 1.26784 0
18.1 0.68608 0.2144 0.47168 1.26976 0.08576
18.2 0.38592 0.51456 0.2144 1.26976 0.25728
18.3 0.17152 0.60032 0.08576 1.43552 0.4288
18.4 0.55744 0.6432 0.30016 1.18784 0
18.5 0.6432 0.17152 0.47168 1.26784 0.08576
18.6 0.34304 0.51456 0.08576 1.51744 0.25728
18.7 0.17152 0.51456 0.17152 1.26784 0.4288
18.8 0.47168 0.60032 0.25728 1.14688 0
18.9 0.34304 0.17152 0.25728 1.27168 0.08576
19 0.51456 0.30016 0.34304 0.94016 0
19.1 0.30016 0.47168 0.12864 1.39264 0.30016
19.2 0.08576 0.60032 0.04288 0.944 0.38592
19.3 0.47168 0.4288 0.25728 1.26784 0
19.4 0.60032 0.2144 0.4288 1.27168 0.08576
19.5 0.47168 0.60032 0.17152 1.18592 0.08576
19.6 0.17152 0.4288 0.17152 1.52128 0.34304
19.7 0.25728 0.38592 0.08576 1.63456 0.25728
19.8 0.47168 0.51456 0.4288 1.2288 0
19.9 0.25728 0.25728 0.34304 1.59552 0.08576
20 0.51456 0.4288 0 1.2288 0.08576
20.1 0.2144 0.38592 0.17152 1.2288 0.4288
20.2 0.34304 0.4288 0.17152 1.51744 0.17152
20.3 0.4288 0.47168 0.34304 1.14688 0
20.4 0.4288 0.25728 0.34304 1.55648 0.08576
20.5 0.47168 0.4288 0.17152 1.26784 0.34304
20.6 0.30016 0.72896 0.04288 1.27168 0.34304
20.7 0.4288 0.55744 0.38592 1.26784 0
20.8 0.51456 0.25728 0.4288 1.39264 0.08576
20.9 0.51456 0.4288 0.17152 1.2288 0.34304
21 0.25728 0.68608 0.08576 1.27168 0.34304
21.1 0.51456 0.60032 0.4288 1.14688 0
21.2 0.51456 0.25728 0.34304 1.5136 0.08576
21.3 0.34304 0.4288 0.17152 1.39264 0.34304
21.4 0.25728 0.51456 0 1.51744 0.34304
21.5 0.4288 0.51456 0.34304 1.26784 0
21.6 0.34304 0.4288 0.51456 1.3536 0.08576
21.7 0.55744 0.4288 0.04288 1.5136 0.08576
21.8 0.2144 0.25728 0.12864 1.55648 0.51456
21.9 0.34304 0.60032 0.17152 1.47456 0.08576
22 0.30016 0.34304 0.25728 1.2288 0
22.1 0.2144 0.17152 0.30016 0.8192 0.08576
22.2 0.25728 0.30016 0.12864 0.45248 0
22.3 0.25728 0.47168 0 0.2848 0.17152
22.4 0.2144 0.30016 0.08576 0 0.2144
22.5 0.17152 0.2144 0.2144 0 0.30016
22.6 0 0.17152 0.34304 0 0
22.7 0.04288 0.25728 0 0 0
22.8 0.12864 0.25728 0 0 0.04288
22.9 0 0.2144 0.12864 0 0.2144
23 0 0.17152 0.30016 0 0.04288
23.1 0 0.34304 0.2144 0 0.25728
23.2 0 0.51456 0.38592 0 0.2144
23.3 0.04288 0.51456 0 1.43552 0
23.4 0 0.08576 0 1.5328 0
23.5 0 0.34304 0.4288 1.56032 0.08576
23.6 0 0.38592 0.30016 0.86208 0.51456
23.7 0 0.38592 0.25728 1.58016 0.12864
23.8 0.04288 0.25728 0 1.63072 0
23.9 0.12864 0.4288 0.08576 1.59936 0
24 0 0.17152 0.4288 0 0.4288
24.1 0 0.60032 0.4288 0 0.25728
24.2 0.25728 0.25728 0 0 0
24.3 0.12864 0.30016 0.08576 2.95104 0.04288
24.4 0 0.51456 0.60032 0 0.55744
24.5 0.25728 0.72896 0.30016 0 0.12864
24.6 1.02912 0.30016 0.08576 1.7152 0
24.7 0 0.68608 0.72896 0.30016 0.68608
24.8 0.4288 0.6432 0.17152 1.11488 0
24.9 0 0.60032 0.55744 1.24352 0.38592
25 0.38592 0.77184 0.34304 0.6432 0.34304
25.1 0.04288 0.51456 0.51456 1.45792 0.25728
25.2 0.34304 0.8576 0.4288 0.47168 0.4288
25.3 0.08576 0.51456 0.47168 1.45792 0.2144
25.4 0.25728 0.8576 0.47168 0.68608 0.38592
25.5 0.17152 0.47168 0.25728 0.98624 0.12864
25.6 0 0.38592 0.34304 1.072 0.30016
25.7 0.38592 0.81472 0.34304 0.51456 0.34304
25.8 0.04288 0.4288 0.51456 1.32928 0.2144
25.9 0.30016 0.81472 0.4288 0.77184 0.38592
26 0.12864 0.60032 0.38592 1.32928 0.25728
26.1 0.25728 0.72896 0.55744 0.94336 0.25728
26.2 0.17152 0.68608 0.34304 0.94336 0.4288
26.3 0.17152 0.55744 0.51456 1.2864 0.2144
26.4 0.25728 0.8576 0.34304 0.8576 0.38592
26.5 0.17152 0.4288 0.60032 1.24352 0.25728
26.6 0.25728 0.81472 0.30016 1.072 0.25728
26.7 0 0.4288 0.38592 0.81472 0.25728
26.8 0.2144 0.34304 0.34304 0.6432 0.25728
26.9 0.2144 0.4288 0.08576 0.6432 0.17152
27 0 0.47168 0.4288 0.8576 0.08576
27.1 0.17152 0.25728 0.2144 0.34304 0.30016
27.2 0.25728 0.51456 0.2144 0.72896 0.08576
27.3 0 0.55744 0.4288 0.81472 0.17152
27.4 0.04288 0.2144 0.25728 0.68608 0.34304
27.5 0.34304 0.68608 0.25728 0.77184 0.17152
27.6 0.08576 0.60032 0.51456 1.02912 0.17152
27.7 0.17152 0.55744 0.34304 0.77184 0.4288
27.8 0.25728 0.6432 0.30016 0.94336 0.25728
27.9 0 0.60032 0.47168 1.15776 0.4288
28 0.4288 0.72896 0.34304 1.02912 0.17152
28.1 0 0.6432 0.60032 1.20064 0.34304
28.2 0.4288 0.68608 0.34304 1.02912 0.30016
28.3 0 0.68608 0.51456 1.11488 0.30016
28.4 0.12864 0.77184 0.34304 1.072 0.34304
28.5 0.30016 0.68608 0.60032 0.90048 0.2144
28.6 0.17152 0.60032 0.34304 1.20064 0.38592
28.7 0.25728 0.77184 0.55744 0.94336 0.25728
28.8 0.17152 0.60032 0.34304 1.20064 0.34304
28.9 0.25728 0.68608 0.4288 0.94336 0.34304
29 0.17152 0.60032 0.47168 1.02912 0.25728
29.1 0.08576 0.68608 0.25728 0.98624 0.38592
29.2 0.17152 0.55744 0.51456 0.94336 0.17152
29.3 0.17152 0.55744 0.25728 0.77184 0.30016
29.4 0.25728 0.34304 0.25728 0.8576 0.17152
29.5 0.17152 0.6432 0.51456 0.90048 0.30016
29.6 0.08576 0.72896 0.34304 1.11488 0.38592
29.7 0.25728 0.68608 0.51456 0.94336 0.17152
29.8 0.08576 0.6432 0.34304 0.98624 0.4288
29.9 0.25728 0.60032 0.51456 1.02912 0.2144
30 0.17152 0.77184 0.34304 1.072 0.38592
30.1 0.25728 0.47168 0.51456 1.15776 0.25728
30.2 0.17152 0.90048 0.38592 0.90048 0.34304
30.3 0.25728 0.51456 0.4288 0.90048 0.25728
30.4 0.17152 0.6432 0.47168 1.15776 0.30016
30.5 0.25728 0.68608 0.34304 0.90048 0.38592
30.6 0.08576 0.60032 0.51456 1.2864 0.25728
30.7 0.25728 0.8576 0.34304 0.90048 0.4288
30.8 0.17152 0.51456 0.51456 1.32928 0.2144
30.9 0.30016 0.94336 0 0.98624 0.47168
31 0.12864 0.30016 0.8576 0.90048 0.08576
31.1 0.08576 0.90048 0.08576 1.02912 0.4288
31.2 0.25728 0.4288 0.51456 0.90048 0.25728
31.3 0.17152 0.60032 0.38592 0.94336 0.17152
31.4 0.25728 0.77184 0.08576 1.02912 0.4288
31.5 0.17152 0.4288 0.8576 1.11488 0.2144
31.6 0.25728 1.02912 0 0.94336 0.47168
31.7 0.08576 0.38592 0.8576 1.072 0.17152
31.8 0.17152 0.8576 0.08576 1.02912 0.34304
31.9 0.2144 0.47168 0.6432 1.20064 0.25728
32 0.2144 0.8576 0.30016 0.90048 0.38592
32.1 0.17152 0.51456 0.38592 1.20064 0.30016
32.2 0.17152 0.4288 0.55744 0.60032 0.17152
32.3 0.25728 0.68608 0 0.77184 0.34304
32.4 0 0.34304 0.34304 1.072 0.12864
32.5 0.17152 0.34304 0.38592 0.34304 0
32.6 0 0.25728 0.2144 0.34304 0.34304
32.7 0.25728 0.55744 0 0.72896 0.30016
32.8 0.17152 0.55744 0.51456 1.072 0
32.9 0 0.30016 0.4288 0.38592 0.30016
33 0.25728 0.47168 0 0.68608 0.25728
33.1 0.12864 0.60032 0.4288 0.8576 0.12864
33.2 0.04288 0.34304 0.51456 0.77184 0.25728
33.3 0.25728 0.60032 0 0.72896 0.38592
33.4 0.17152 0.68608 0.68608 1.11488 0.08576
33.5 0.17152 0.60032 0.25728 0.98624 0.38592
33.6 0.25728 0.77184 0.4288 0.98624 0.25728
33.7 0.12864 0.51456 0.51456 1.15776 0.4288
33.8 0.30016 0.72896 0.25728 0.98624 0.25728
33.9 0 0 0.60032 0.98624 0.2144
34 0.25728 0.47168 0.08576 0.90048 0.30016
34.1 0.17152 0.90048 0.4288 0.68608 0.17152
34.2 0.2144 0.17152 0.51456 1.24352 0.47168
34.3 0.12864 0.60032 0.17152 0.6432 0.2144
34.4 0.08576 0.55744 0.47168 0.8576 0.08576
34.5 0.25728 0.08576 0.30016 0.77184 0.47168
34.6 0.17152 0.6432 0.34304 0.90048 0.12864
34.7 0.08576 0.47168 0.60032 1.15776 0.34304
34.8 0.25728 0.2144 0.17152 0.68608 0.34304
34.9 0.08576 0.98624 0.25728 1.02912 0.08576
35 0.2144 0.08576 0.51456 0.60032 0.30016
35.1 0.17152 0.34304 0.17152 0.90048 0.30016
35.2 0.04288 0.77184 0.25728 0.77184 0.08576
35.3 0.25728 0.08576 0.51456 0.72896 0.25728
35.4 0.17152 0.47168 0.17152 0.8576 0.34304
35.5 0 0.6432 0.47168 0.8576 0.17152
35.6 0.25728 0.08576 0.30016 0.6432 0.2144
35.7 0.17152 0.51456 0.17152 0.77184 0.30016
35.8 0.04288 0.60032 0.25728 1.072 0.17152
35.9 0.12864 0.08576 0.38592 0.2144 0.17152
36 0.17152 0.08576 0.30016 0.47168 0.34304
36.1 0.08576 0.72896 0.17152 0.98624 0
36.2 0.17152 0.34304 0.4288 0.72896 0.34304
36.3 0.25728 0.38592 0.34304 0.98624 0.34304
36.4 0.08576 0.68608 0.38592 0.98624 0.17152
36.5 0.17152 0.25728 0.4288 0.94336 0.38592
36.6 0.17152 0.68608 0.30016 0.81472 0.12864
36.7 0.17152 0.34304 0.25728 0.81472 0.34304
36.8 0.17152 0.25728 0.51456 0.77184 0.34304
36.9 0.17152 0.68608 0.34304 1.15776 0.08576
