0 0 0 0 0
0.1 0 0 0 0
0.2 0 0 0 0
0.3 0 0 0 0
0.4 0 0 0 0
0.5 0 0 0 0
0.6 0 0 0 0
0.7 0 0 0 0
0.8 0 0 0 0
0.9 0 0 0 0
1 0 0 0 0
1.1 0 0 0 0
1.2 0 0 0 0
1.3 0 0 0 0
1.4 0 0 0 0
1.5 0 0 0 0
1.6 0 0 0 0
1.7 0 0 0 0
1.8 0 0 0 0
1.9 0 0 0 0
2 0 0 0 0
2.1 0 0 0 0
2.2 0 0 0 0
2.3 0 0 0 0
2.4 0 0 0 0
2.5 0 0 0 0
2.6 0 0 0 0
2.7 0 0 0 0
2.8 0 0 0 0
2.9 0 0 0 0
3 0 0 0 0
3.1 0 0 0.2144 0.04288
3.2 0.2144 0 0.2144 0.25728
3.3 0.34304 0 0.30016 0.38592
3.4 0.38592 0 0.60032 0.60032
3.5 0.77184 0 0.77184 0.38592
3.6 0.55744 0 0.68608 0.72896
3.7 0.55744 0 0.81472 0.55744
3.8 0.47168 0 0.6432 0.55744
3.9 0.34304 0 0.55744 0.47168
4 0.34304 0 0.60032 0.4288
4.1 0.51456 0 0.47168 0.51456
4.2 0.8576 0 0.4288 0.30016
4.3 0.68608 0 0.81472 0.34304
4.4 0.30016 0 0.72896 0.6432
4.5 0.6432 0 0.94336 1.072
4.6 0.47168 0 0.72896 0.68608
4.7 0.47168 0 0.47168 0.4288
4.8 0.77184 0 0.68608 0.4288
4.9 0.81472 0 0.81472 1.02912
5 0.60032 0.17152 0.38592 0.38592
5.1 0.12864 0.25728 0.51456 0.38592
5.2 0.47168 0 0.4288 0.4288
5.3 0.6432 0 0.4288 0.8576
5.4 0.6432 0 0.34304 0.68608
5.5 0.34304 0.2144 0.4288 0.30016
5.6 0.17152 0.25728 0.60032 0.25728
5.7 0.72896 0.12864 0.2144 0.60032
5.8 0.6432 0.08576 0 0.81472
5.9 0.60032 0 0 1.072
6 0 0.38592 0 1.072
6.1 0.04288 0.17152 0 0.72896
6.2 0 0.17152 0 0.30016
6.3 0 0.17152 0 0.17152
6.4 0 0 0 0.4288
6.5 0 0.12864 0 0
6.6 0 0.55744 0 0
6.7 0 0.30016 0.98624 0
6.8 0 0.30016 0.51456 0
6.9 0.08576 0 2.5728 0
7 0.94336 0 1.15776 0
7.1 0.4288 0.60032 0.60032 0
7.2 0.34304 0.60032 0.2144 0
7.3 0.55744 0.34304 3.0016 2.27264
7.4 1.15776 0.38592 1.02912 5.48864
7.5 3.81632 0.08576 0.94336 0.60032
7.6 0.51456 1.02912 0.25728 0.8576
7.7 0.12864 0.81472 0.38592 0.81472
7.8 0.51456 0.47168 0.55744 0.72896
7.9 0.68608 0.51456 0.8576 0.47168
8 0.94336 0.12864 1.072 0.51456
8.1 0.68608 0.77184 0.30016 0.94336
8.2 0.08576 1.20064 0.4288 0.77184
8.3 0.51456 0.90048 0.47168 0.68608
8.4 0.51456 1.2864 0.6432 0.2144
8.5 0.81472 0.08576 1.11488 0.72896
8.6 0.81472 0.60032 0.4288 0.68608
8.7 0.08576 0.51456 0.17152 0.60032
8.8 0.34304 0.60032 0.38592 0.51456
8.9 0.34304 0.30016 0.51456 0.55744
9 0.55744 0.51456 0.4288 0.34304
9.1 0.8576 0.4288 0.38592 0.8576
9.2 0.55744 0.77184 0.77184 0.60032
9.3 0.4288 0.98624 0.51456 0.8576
9.4 0.47168 0.6432 0.98624 0.60032
9.5 0.55744 1.11488 0.51456 0.47168
9.6 0.77184 0.81472 0.30016 0.77184
9.7 0.60032 1.072 0.47168 0.6432
9.8 0.51456 0.98624 0.17152 0.98624
9.9 0.4288 0.68608 0.47168 0.51456
10 0.08576 0.60032 0.47168 0.4288
10.1 0.68608 0.30016 0.77184 0.4288
10.2 0.8576 0.60032 0.4288 0.51456
10.3 0.6432 0.47168 0.30016 0.77184
10.4 0.38592 0 0.55744 0.94336
10.5 0.34304 0 0.55744 0.77184
10.6 0.6432 0 0.68608 0.17152
10.7 0.6432 0 0.34304 0.72896
10.8 0.72896 0 0.34304 0.6432
10.9 0.47168 0 0.34304 0.68608
11 0.34304 0 0.4288 0.6432
11.1 0.25728 0 0.47168 0.6432
11.2 0.60032 1.97248 0.6432 0.17152
11.3 0.51456 0.77184 0.34304 0.68608
11.4 0.81472 2.44416 0.47168 0.55744
11.5 0.6432 5.264 0.38592 0.98624
11.6 0.25728 0 0.6432 1.02912
11.7 0.51456 0 0.47168 0.08576
11.8 0.60032 0 0.51456 0.60032
11.9 0.55744 1.41504 0.17152 0.4288
12 0.72896 1.24352 0.55744 0.17152
12.1 0.34304 0.90048 0.47168 0.94336
12.2 0.25728 0.81472 0.60032 1.11488
12.3 0.8576 0.30016 0.77184 0.77184
12.4 0.77184 1.24352 0.25728 0.4288
12.5 0.68608 1.24352 0.55744 0.2144
12.6 0.34304 0.90048 0.51456 0.94336
12.7 0.51456 0.72896 0.55744 0.94336
12.8 0.47168 0 0.47168 0.47168
12.9 0.77184 0.6432 0.30016 0.51456
13 0.72896 0.60032 0.4288 0.04288
13.1 0.08576 0.60032 0.47168 0.77184
13.2 0.38592 0.30016 0.4288 0.38592
13.3 0.47168 0.55744 0.51456 0.30016
13.4 0.4288 0.47168 0.34304 0.55744
13.5 0.60032 0.30016 0.38592 0.47168
13.6 0.72896 0.47168 0.25728 0.68608
13.7 0.6432 0.12864 0.2144 0.34304
13.8 0.34304 0.2144 0.30016 0.30016
13.9 0.25728 0.2144 0.34304 0.38592
14 0.38592 0 0.47168 0.4288
14.1 0.6432 0 0.6432 0.60032
14.2 1.02912 0 0.6432 0.81472
14.3 0.72896 0 0.51456 0.72896
14.4 0.04288 0 0.2144 0.34304
14.5 0.17152 0.4288 0.25728 0.30016
14.6 0.55744 0.04288 0.17152 0.2144
14.7 0.47168 1.2864 0.47168 0.08576
14.8 0.38592 0.60032 0.6432 0.38592
14.9 0.34304 1.80096 0.38592 0.51456
15 0.6432 0.47168 0.17152 0.34304
15.1 0.94336 0.4288 0.30016 0.77184
15.2 0 0.30016 0.38592 0.77184
15.3 0 0.30016 0.6432 0.25728
15.4 0.34304 0.25728 0.51456 0.2144
15.5 0 0.6432 0.25728 0.55744
15.6 0.47168 0.25728 0.30016 0.4288
15.7 0.51456 0.38592 0.34304 0.81472
15.8 0.77184 0.30016 0.34304 0.30016
15.9 0.51456 0.38592 0.47168 0.72896
16 0.34304 0.60032 0.77184 0.51456
16.1 0.4288 0.47168 0.12864 0.51456
16.2 0.4288 0.2144 0.38592 0.4288
16.3 0.47168 0.30016 0.17152 0.4288
16.4 0.30016 0.34304 0.51456 0.51456
16.5 0.17152 0.38592 0.77184 0.51456
16.6 0.4288 0.25728 0.08576 0.38592
16.7 0.4288 0.47168 0.04288 0.2144
16.8 0.38592 0.34304 0.55744 0.25728
16.9 0.34304 0.25728 0.4288 0.55744
17 0.30016 0.51456 0.77184 0.90048
17.1 0.60032 0.4288 0.17152 0.68608
17.2 0.72896 0.68608 0.60032 0.34304
17.3 0.51456 0.34304 0.77184 0.90048
17.4 0.4288 0.68608 0.60032 0.98624
17.5 0.81472 0.68608 0.60032 0.47168
17.6 0.6432 0.4288 0.68608 0.77184
17.7 0.4288 0.6432 0.68608 0.81472
17.8 0.60032 0.6432 0.4288 0.6432
17.9 0.68608 0.51456 0.68608 0.51456
18 0.34304 0.38592 0.77184 1.072
18.1 0.55744 0.8576 0.51456 0.51456
18.2 0.60032 0.38592 0.38592 0.60032
18.3 0.55744 0.4288 0.81472 0.72896
18.4 0.60032 0.55744 0.55744 0.90048
18.5 0.60032 0.81472 0.55744 0.72896
18.6 0.68608 0.51456 0.6432 0.8576
18.7 0.60032 0.51456 0.81472 0.8576
18.8 0.68608 0.81472 0.60032 0.60032
18.9 0.60032 0.47168 0.6432 1.02912
19 0.60032 0.60032 0.81472 0.81472
19.1 0.77184 0.77184 0.51456 0.6432
19.2 0.60032 0.4288 0.68608 0.94336
19.3 0.6432 0.55744 0.72896 0.8576
19.4 0.68608 0.90048 0.60032 0.60032
19.5 0.55744 0.34304 0.68608 1.072
19.6 0.6432 0.6432 0.6432 0.72896
19.7 0.68608 0.81472 0.60032 0.60032
19.8 0.55744 0.38592 0.68608 1.02912
19.9 0.60032 0.6432 0.68608 0.77184
20 0.77184 0.77184 0.6432 0.55744
20.1 0.55744 0.47168 0.68608 1.072
20.2 0.60032 0.6432 0.60032 0.81472
20.3 0.72896 0.68608 0.68608 0.60032
20.4 0.51456 0.51456 0.6432 0.98624
20.5 0.68608 0.60032 0.6432 0.77184
20.6 0.60032 0.68608 0.72896 0.60032
20.7 0.60032 0.51456 0.60032 0.98624
20.8 0.68608 0.60032 0.6432 0.81472
20.9 0.60032 0.72896 0.72896 0.60032
21 0.68608 0.47168 0.60032 0.98624
21.1 0.60032 0.55744 0.68608 0.81472
21.2 0.68608 0.60032 0.68608 0.68608
21.3 0.51456 0.51456 0.77184 0.8576
21.4 0.77184 0.60032 0.68608 0.72896
21.5 0.6432 0.4288 0.77184 0.8576
21.6 0.6432 0.55744 0.68608 0.77184
21.7 0.6432 0.55744 0.68608 0.8576
21.8 0.6432 0.51456 0.68608 0.72896
21.9 0.6432 0.55744 0.68608 0.77184
22 0.6432 0.51456 0.77184 0.81472
22.1 0.60032 0.51456 0.72896 0.8576
22.2 0.68608 0.55744 0.72896 0.77184
22.3 0.68608 0.51456 0.8576 0.77184
22.4 0.6432 0.60032 0.68608 0.81472
22.5 0.6432 0.51456 0.77184 0.72896
22.6 0.60032 0.60032 0.77184 0.77184
22.7 0.68608 0.47168 0.8576 0.77184
22.8 0.6432 0.6432 0.60032 0.81472
22.9 0.72896 0.51456 0.77184 0.81472
23 0.55744 0.51456 0.8576 0.77184
23.1 0.68608 0.51456 0.77184 0.77184
23.2 0.6432 0.60032 0.68608 0.77184
23.3 0.68608 0.55744 0.77184 0.77184
23.4 0.6432 0.47168 0.81472 0.68608
23.5 0.55744 0.51456 0.72896 0.81472
23.6 0.68608 0.60032 0.68608 0.72896
23.7 0.68608 0.51456 0.68608 0.81472
23.8 0.68608 0.51456 0.8576 0.72896
23.9 0.60032 0.51456 0.77184 0.8576
24 0.60032 0.60032 0.68608 0.77184
24.1 0.68608 0.51456 0.77184 0.68608
24.2 0.60032 0.51456 0.8576 0.77184
24.3 0.68608 0.55744 0.68608 0.77184
24.4 0.60032 0.55744 0.72896 0.81472
24.5 0.60032 0.51456 0.72896 0.72896
24.6 0.68608 0.51456 0.81472 0.68608
24.7 0.68608 0.4288 0.72896 0.81472
24.8 0.60032 0.68608 0.6432 0.81472
24.9 0.68608 0.51456 0.81472 0.68608
25 0.60032 0.51456 0.77184 0.77184
25.1 0.68608 0.51456 0.77184 0.77184
25.2 0.60032 0.6432 0.72896 0.77184
25.3 0.68608 0.47168 0.77184 0.77184
25.4 0.60032 0.51456 0.81472 0.81472
25.5 0.68608 0.55744 0.68608 0.77184
25.6 0.60032 0.60032 0.77184 0.68608
25.7 0.68608 0.47168 0.72896 0.81472
25.8 0.6432 0.51456 0.81472 0.77184
25.9 0.6432 0.51456 0.68608 0.77184
26 0.60032 0.6432 0.77184 0.77184
26.1 0.68608 0.47168 0.77184 0.77184
26.2 0.68608 0.51456 0.81472 0.77184
26.3 0.68608 0.60032 0.6432 0.77184
26.4 0.51456 0.55744 0.77184 0.77184
26.5 0.77184 0.51456 0.77184 0.68608
26.6 0.6432 0.47168 0.77184 0.81472
26.7 0.55744 0.60032 0.68608 0.77184
26.8 0.60032 0.60032 0.77184 0.72896
26.9 0.68608 0.4288 0.77184 0.72896
27 0.60032 0.51456 0.68608 0.81472
27.1 0.68608 0.51456 0.77184 0.77184
27.2 0.6432 0.6432 0.77184 0.72896
27.3 0.60032 0.51456 0.77184 0.72896
27.4 0.6432 0.47168 0.72896 0.94336
27.5 0.68608 0.51456 0.81472 0.68608
27.6 0.68608 0.68608 0.68608 0.68608
27.7 0.55744 0.51456 0.77184 0.8576
27.8 0.68608 0.4288 0.77184 0.77184
27.9 0.60032 0.51456 0.77184 0.77184
28 0.72896 0.60032 0.68608 0.68608
28.1 0.51456 0.55744 0.77184 0.81472
28.2 0.72896 0.47168 0.77184 0.81472
28.3 0.60032 0.55744 0.77184 0.68608
28.4 0.6432 0.60032 0.68608 0.77184
28.5 0.60032 0.55744 0.77184 0.77184
28.6 0.77184 0.4288 0.77184 0.77184
28.7 0.6432 0.51456 0.77184 0.77184
28.8 0.60032 0.68608 0.68608 0.72896
28.9 0.60032 0.51456 0.77184 0.81472
29 0.72896 0.51456 0.77184 0.72896
29.1 0.68608 0.4288 0.77184 0.81472
29.2 0.60032 0.68608 0.72896 0.77184
29.3 0.68608 0.51456 0.72896 0.77184
29.4 0.60032 0.51456 0.90048 0.77184
29.5 0.68608 0.55744 0.72896 0.77184
29.6 0.60032 0.55744 0.6432 0.8576
29.7 0.68608 0.51456 0.81472 0.68608
29.8 0.60032 0.51456 0.77184 0.77184
29.9 0.68608 0.55744 0.77184 0.77184
30 0.60032 0.6432 0.77184 0.77184
30.1 0.72896 0.4288 0.77184 0.8576
30.2 0.72896 0.51456 0.77184 0.68608
30.3 0.60032 0.60032 0.68608 0.8576
30.4 0.60032 0.60032 0.77184 0.77184
30.5 0.68608 0.4288 0.81472 0.77184
30.6 0.68608 0.51456 0.81472 0.68608
30.7 0.68608 0.68608 0.6432 0.77184
30.8 0.55744 0.51456 0.81472 0.8576
30.9 0.68608 0.51456 0.77184 0.68608
31 0.6432 0.4288 0.77184 0.77184
31.1 0.60032 0.68608 0.6432 0.77184
31.2 0.60032 0.51456 0.72896 0.81472
31.3 0.68608 0.51456 0.8576 0.6432
31.4 0.68608 0.47168 0.77184 0.8576
31.5 0.60032 0.6432 0.68608 0.77184
31.6 0.68608 0.51456 0.77184 0.77184
31.7 0.60032 0.51456 0.8576 0.68608
31.8 0.68608 0.47168 0.68608 0.77184
31.9 0.60032 0.6432 0.68608 0.81472
32 0.68608 0.51456 0.81472 0.72896
32.1 0.60032 0.51456 0.81472 0.77184
32.2 0.68608 0.51456 0.68608 0.81472
32.3 0.60032 0.68608 0.68608 0.72896
32.4 0.68608 0.4288 0.77184 0.77184
32.5 0.6432 0.51456 0.8576 0.77184
32.6 0.6432 0.55744 0.68608 0.77184
32.7 0.60032 0.6432 0.68608 0.77184
32.8 0.77184 0.4288 0.77184 0.81472
32.9 0.51456 0.51456 0.8576 0.77184
33 0.68608 0.55744 0.68608 0.72896
33.1 0.68608 0.6432 0.68608 0.77184
33.2 0.6432 0.4288 0.77184 0.77184
33.3 0.55744 0.51456 0.8576 0.77184
33.4 0.68608 0.60032 0.68608 0.77184
33.5 0.60032 0.60032 0.72896 0.77184
33.6 0.6432 0.51456 0.72896 0.77184
33.7 0.68608 0.4288 0.8576 0.72896
33.8 0.6432 0.60032 0.68608 0.81472
33.9 0.60032 0.60032 0.77184 0.77184
34 0.68608 0.51456 0.72896 0.72896
34.1 0.6432 0.4288 0.81472 0.81472
34.2 0.6432 0.68608 0.68608 0.68608
34.3 0.60032 0.51456 0.81472 0.8576
34.4 0.68608 0.51456 0.72896 0.72896
34.5 0.68608 0.4288 0.77184 0.72896
34.6 0.60032 0.60032 0.68608 0.77184
34.7 0.60032 0.60032 0.77184 0.77184
34.8 0.68608 0.51456 0.68608 0.8576
34.9 0.77184 0.4288 0.8576 0.68608
