0 0 0 0 0
0.1 0 0 0 0
0.2 0 0 0 0
0.3 0 0 0 0
0.4 0 0 0 0
0.5 0 0 0 0
0.6 0 0 0 0
0.7 0 0 0 0
0.8 0 0 0 0
0.9 0 0 0 0
1 0 0 0 0
1.1 0 0 0 0
1.2 0 0 0 0
1.3 0 0 0 0
1.4 0 0 0 0
1.5 0 0 0 0
1.6 0 0 0 0
1.7 0 0 0 0
1.8 0 0 0 0
1.9 0 0 0 0
2 0 0 0 0
2.1 0 0 0 0
2.2 0 0 0 0
2.3 0 0 0 0
2.4 0 0 0 0
2.5 0 0 0 0
2.6 0 0 0 0
2.7 0 0 0 0
2.8 0 0 0 0
2.9 0 0 0 0
3 0 0 0 0
3.1 0 0 0.2144 0.04288
3.2 0.2144 0 0.2144 0.25728
3.3 0.34304 0 0.30016 0.38592
3.4 0.38592 0 0.60032 0.60032
3.5 0.77184 0 0.77184 0.38592
3.6 0.55744 0 0.68608 0.72896
3.7 0.55744 0 0.81472 0.55744
3.8 0.47168 0 0.6432 0.55744
3.9 0.34304 0 0.55744 0.47168
4 0.34304 0 0.60032 0.4288
4.1 0.51456 0 0.47168 0.51456
4.2 0.8576 0 0.4288 0.30016
4.3 0.68608 0 0.81472 0.34304
4.4 0.30016 0 0.72896 0.6432
4.5 0.6432 0 0.94336 1.072
4.6 0.47168 0 0.72896 0.68608
4.7 0.47168 0 0.47168 0.4288
4.8 0.77184 0 0.68608 0.4288
4.9 0.81472 0 0.81472 1.02912
5 0.60032 0.17152 0.38592 0.38592
5.1 0.12864 0.25728 0.51456 0.38592
5.2 0.47168 0 0.4288 0.4288
5.3 0.6432 0 0.4288 0.8576
5.4 0.6432 0 0.34304 0.68608
5.5 0.34304 0.2144 0.4288 0.30016
5.6 0.17152 0.25728 0.60032 0.25728
5.7 0.72896 0.12864 0.2144 0.60032
5.8 0.6432 0.08576 0 0.81472
5.9 0.60032 0 0 1.072
6 0 0.38592 0 1.072
6.1 0.04288 0.17152 0 0.72896
6.2 0 0.17152 0 0.30016
6.3 0 0.17152 0 0.17152
6.4 0 0 0 0.4288
6.5 0 0.12864 0 0
6.6 0 0.55744 0 0
6.7 0 0.30016 0.98624 0
6.8 0 0.30016 0.51456 0
6.9 0.08576 0 2.5728 0
7 0.94336 0 1.15776 0
7.1 0.4288 0.60032 0.60032 0
7.2 0.34304 0.60032 0.2144 0
7.3 0.55744 0.34304 3.0016 2.27264
7.4 1.15776 0.38592 1.02912 5.48864
7.5 3.81632 0.08576 0.94336 0.60032
7.6 0.51456 1.02912 0.25728 0.8576
7.7 0.12864 0.81472 0.38592 0.81472
7.8 0.51456 0.47168 0.55744 0.72896
7.9 0.68608 0.51456 0.8576 0.47168
8 1.02912 0.12864 0.8576 0.6432
8.1 0.47168 0.8576 0.51456 0.77184
8.2 0.17152 1.2864 0.34304 0.81472
8.3 0.51456 0.77184 0.68608 0.68608
8.4 0.68608 1.2864 0.38592 0.38592
8.5 0.6432 0.30016 0.55744 0.68608
8.6 0.34304 0.4288 0.38592 0.55744
8.7 0.25728 0.51456 0.38592 0.60032
8.8 0.34304 0.38592 0.51456 0.55744
8.9 0.68608 0.72896 0.17152 0.08576
9 0.60032 0.25728 0.38592 0.04288
9.1 0.38592 0.30016 0.38592 0.4288
9.2 0.25728 0.55744 0.6432 0.81472
9.3 0.25728 0.81472 0.60032 0.60032
9.4 0.30016 0.51456 0.51456 0.4288
9.5 0.34304 0 0.51456 0.25728
9.6 0.6432 0 0.38592 0.60032
9.7 0.34304 0 0.38592 0.77184
9.8 0 0 0.6432 0.68608
9.9 0.55744 0 0.25728 0.60032
10 0.77184 0 0.4288 0.30016
10.1 0.4288 0 0.12864 0.34304
10.2 0.72896 0 0.25728 0.47168
10.3 0.2144 0 0.2144 0.25728
10.4 0.2144 0.04288 0.55744 0.34304
10.5 0.90048 0.17152 0.25728 0.4288
10.6 0.34304 0.04288 0.4288 0.30016
10.7 0.17152 0.81472 0.4288 0.38592
10.8 0.17152 0.04288 0.2144 0.34304
10.9 0.30016 0 0.38592 0.25728
11 0.30016 0 0.4288 0.2144
11.1 0.30016 0 0.47168 0.4288
11.2 0.17152 0 0.38592 0.17152
11.3 0.30016 0 0.2144 0.38592
11.4 0.38592 0 0.08576 0.30016
11.5 0.30016 0 0.38592 0.34304
11.6 0.12864 0 0.47168 0.47168
11.7 0 0 0.17152 0.34304
11.8 0 0 0.38592 0.60032
11.9 0 0 0.30016 0.8576
12 0 0 0.81472 0.25728
12.1 3.30176 0 0.6432 0.81472
12.2 0.6432 0 0.4288 1.02912
12.3 0.47168 0 1.072 0.60032
12.4 0.72896 0 0.51456 1.24352
12.5 0.68608 0.04288 1.11488 0.81472
12.6 0.77184 0 0.68608 1.2864
12.7 0.6432 0.12864 1.15776 0.8576
12.8 0.77184 0 0.81472 1.15776
12.9 0.55744 7.67552 1.02912 0.98624
13 0.90048 0.12864 0.77184 0.94336
13.1 0.60032 0.12864 0.98624 0.94336
13.2 0.8576 0 0.81472 1.072
13.3 0.4288 0.38592 0.81472 1.072
13.4 0.72896 0 0.94336 1.02912
13.5 0.60032 0.51456 0.6432 0.8576
13.6 0.72896 0 0.98624 0.8576
13.7 0.51456 0.77184 0.6432 0.8576
13.8 0.60032 0 0.98624 1.11488
13.9 0.81472 0.51456 0.60032 0.90048
14 0.51456 0.6432 0.8576 0.68608
14.1 0.72896 0.17152 0.72896 1.072
14.2 0.51456 1.02912 0.51456 0.60032
14.3 0.51456 0.34304 0.94336 0.8576
14.4 0.68608 0.72896 0.6432 0.81472
14.5 0.60032 0.68608 0.47168 0.72896
14.6 0.47168 0.12864 0.8576 0.77184
14.7 0.68608 0.72896 0.51456 0.72896
14.8 0.51456 0.8576 0.60032 0.68608
14.9 0.68608 0.08576 0.94336 0.98624
15 0.55744 1.02912 0.38592 0.6432
15.1 0.60032 0.4288 0.98624 0.77184
15.2 0.60032 0.51456 0.68608 0.90048
15.3 0.68608 0.90048 0.47168 0.68608
15.4 0.6432 0.17152 0.94336 0.8576
15.5 0.6432 0.8576 0.47168 0.72896
15.6 0.55744 0.77184 0.72896 0.6432
15.7 0.68608 0.25728 0.8576 0.98624
15.8 0.60032 0.8576 0.4288 0.72896
15.9 0.34304 0.55744 0.51456 0.38592
16 0.6432 0.12864 0.90048 0.81472
16.1 0.60032 0.94336 0.34304 0.8576
16.2 0.68608 0.55744 0.94336 0.6432
16.3 0.68608 0.51456 0.6432 0.8576
16.4 0.60032 0.81472 0.47168 0.72896
16.5 0.68608 0.34304 0.94336 0.68608
16.6 0.6432 0.72896 0.51456 0.90048
16.7 0.6432 0.81472 0.68608 0.55744
16.8 0.72896 0.2144 0.8576 0.90048
16.9 0.51456 0.98624 0.4288 0.81472
17 0.47168 0.60032 0.94336 0.6432
17.1 0.34304 0.12864 0.55744 0.77184
17.2 0.55744 0.4288 0.12864 0.38592
17.3 0.51456 0.6432 0.38592 0.38592
17.4 0.38592 0.55744 0.98624 0.68608
17.5 0.81472 0.4288 0.4288 0.81472
17.6 0.51456 0.90048 0.51456 0.68608
17.7 0.60032 0.47168 0.81472 0.77184
17.8 0.81472 0.38592 0.55744 0.72896
17.9 0.4288 1.15776 0.47168 0.55744
18 0.60032 0.2144 0.98624 0.81472
18.1 0.90048 0.60032 0.4288 0.81472
18.2 0.55744 1.02912 0.60032 0.51456
18.3 0.60032 0.2144 0.8576 1.072
18.4 0.81472 0.8576 0.4288 0.55744
18.5 0.51456 0.8576 0.72896 0.72896
18.6 0.72896 0.25728 0.68608 0.98624
18.7 0.68608 0.90048 0.60032 0.51456
18.8 0.55744 0.60032 0.8576 0.77184
18.9 0.94336 0.38592 0.55744 0.90048
19 0.6432 0.90048 0.55744 0.6432
19.1 0.47168 0.68608 0.8576 0.6432
19.2 0.94336 0.4288 0.47168 0.90048
19.3 0.60032 0.8576 0.60032 0.60032
19.4 0.55744 0.6432 0.8576 0.68608
19.5 0.8576 0.47168 0.4288 0.90048
19.6 0.55744 0.94336 0.6432 0.55744
19.7 0.6432 0.60032 0.81472 0.72896
19.8 0.8576 0.51456 0.51456 0.81472
19.9 0.51456 0.98624 0.6432 0.55744
20 0.68608 0.4288 0.68608 0.77184
20.1 0.72896 0.55744 0.47168 0.72896
20.2 0.55744 0.8576 0.60032 0.51456
20.3 0.68608 0.51456 0.68608 0.8576
20.4 0.8576 0.81472 0.47168 0.60032
20.5 0.6432 0.90048 0.6432 0.55744
20.6 1.11488 0.55744 0.34304 0.6432
20.7 0.68608 1.072 0.47168 0.47168
20.8 0.94336 0.81472 0.38592 0.55744
20.9 0.94336 1.072 0.38592 0.34304
21 0.94336 0.90048 0.30016 0.51456
21.1 1.072 0.98624 0.34304 0.25728
21.2 1.11488 0.98624 0.25728 0.38592
21.3 1.072 1.11488 0.25728 0.17152
21.4 1.15776 1.15776 0.17152 0.25728
21.5 1.072 1.20064 0.2144 0.2144
21.6 1.2864 1.072 0.04288 0.17152
21.7 1.11488 1.2864 0.2144 0.12864
21.8 1.41504 1.15776 0.04288 0.2144
21.9 1.2864 1.24352 0.12864 0.04288
22 1.15776 1.32928 0.12864 0.12864
22.1 1.41504 1.20064 0 0.08576
22.2 1.15776 1.37216 0.08576 0.04288
22.3 1.5008 1.15776 0 0.08576
22.4 1.24352 1.45792 0.04288 0
22.5 1.24352 1.32928 0.08576 0.04288
22.6 1.45792 1.15776 0 0.08576
22.7 1.24352 1.41504 0.08576 0
22.8 1.24352 1.24352 0.08576 0.08576
22.9 1.32928 1.2864 0 0.08576
23 1.62944 1.02912 0.08576 0
23.1 1.11488 1.45792 0 0.08576
23.2 1.32928 1.24352 0.08576 0.08576
23.3 1.45792 1.32928 0.08576 0
23.4 1.15776 1.45792 0 0.08576
23.5 1.45792 1.072 0.08576 0.08576
23.6 1.11488 1.41504 0.08576 0
23.7 1.32928 1.2864 0 0.08576
23.8 1.24352 1.32928 0.08576 0.04288
23.9 1.45792 1.20064 0.08576 0.04288
24 1.24352 1.37216 0 0.08576
24.1 1.37216 1.20064 0.08576 0
24.2 1.32928 1.24352 0 0.08576
24.3 1.24352 1.32928 0.08576 0
24.4 1.45792 1.072 0.08576 0.08576
24.5 1.11488 1.41504 0.08576 0.08576
24.6 1.41504 1.11488 0.04288 0.08576
24.7 1.072 1.54368 0.04288 0
24.8 1.24352 1.37216 0.08576 0.08576
24.9 1.24352 1.32928 0.08576 0.08576
25 1.32928 1.32928 0 0
25.1 1.072 1.37216 0.08576 0.08576
25.2 1.37216 1.15776 0.08576 0.08576
25.3 1.58656 1.20064 0 0
25.4 1.41504 1.072 0.08576 0.08576
25.5 1.2864 1.15776 0.08576 0.08576
25.6 1.072 0.77184 0 0.08576
25.7 0.47168 0.34304 0 0
25.8 0.51456 0.30016 0.08576 0
25.9 0.51456 0.25728 0 0
26 0.30016 0.4288 0 0
26.1 0.4288 0.47168 0 0.08576
26.2 0.81472 0.4288 0 0
26.3 0.47168 0.38592 0.08576 0
26.4 0.51456 0.55744 0 0
26.5 0.4288 0.6432 0 0.08576
26.6 0.94336 1.11488 0.08576 0
26.7 0.94336 1.37216 0 0.08576
26.8 1.15776 1.32928 0.08576 0
26.9 1.32928 1.24352 0 0.08576
27 1.41504 1.2864 0.08576 0
27.1 1.37216 1.24352 0 0.08576
27.2 1.41504 1.072 0.08576 0.08576
27.3 1.62944 1.02912 0.08576 0
27.4 1.20064 1.45792 0 0.08576
27.5 1.24352 1.24352 0.08576 0.08576
27.6 1.072 1.62944 0.08576 0
27.7 1.45792 1.15776 0 0.08576
27.8 1.11488 1.45792 0.08576 0.08576
27.9 1.15776 1.45792 0.08576 0
28 1.62944 1.02912 0 0.08576
28.1 1.02912 1.58656 0.08576 0
28.2 1.37216 1.24352 0 0.08576
28.3 1.20064 1.41504 0.08576 0
28.4 1.5008 1.15776 0 0.08576
28.5 1.2864 1.2864 0.08576 0
28.6 1.37216 1.24352 0 0.08576
28.7 1.24352 1.32928 0.08576 0.08576
28.8 1.41504 1.2864 0 0
28.9 1.11488 1.37216 0.08576 0.08576
29 1.58656 1.15776 0 0
29.1 1.11488 1.41504 0.08576 0.08576
29.2 1.2864 1.37216 0.08576 0
29.3 1.5008 1.15776 0 0.08576
29.4 1.072 1.20064 0.08576 0
29.5 0.68608 1.11488 0 0.08576
29.6 1.45792 1.072 0.08576 0
29.7 1.24352 1.45792 0 0.08576
29.8 0.8576 1.2864 0.08576 0.08576
29.9 1.02912 1.5008 0.08576 0
30 1.37216 1.2864 0 0.08576
30.1 1.2864 1.20064 0.08576 0.08576
30.2 1.54368 1.11488 0.08576 0
30.3 1.32928 1.11488 0.08576 0.17152
30.4 1.58656 0.94336 0.08576 0.08576
30.5 1.45792 1.072 0.08576 0.08576
30.6 1.41504 1.15776 0.08576 0.08576
30.7 1.11488 1.45792 0.08576 0.08576
30.8 1.32928 1.32928 0.08576 0
30.9 1.2864 1.32928 0.08576 0.08576
31 1.2864 1.41504 0 0.08576
31.1 1.2864 1.24352 0.08576 0.08576
31.2 1.45792 1.20064 0 0
31.3 1.072 1.54368 0.08576 0.08576
31.4 1.32928 1.15776 0.08576 0.08576
31.5 1.15776 1.45792 0 0
31.6 1.072 1.54368 0.08576 0.08576
31.7 1.54368 1.15776 0.08576 0
31.8 1.11488 1.45792 0 0.08576
31.9 1.41504 1.15776 0.08576 0
32 1.37216 1.2864 0 0.08576
32.1 1.88672 0.55744 0.08576 0.08576
32.2 1.37216 1.24352 0.08576 0
32.3 1.5008 1.24352 0 0.08576
32.4 1.072 1.58656 0.08576 0
32.5 1.41504 1.20064 0 0.08576
32.6 1.32928 1.15776 0.08576 0.08576
32.7 1.20064 1.32928 0.08576 0.08576
32.8 1.11488 1.41504 0.08576 0.08576
32.9 0.77184 1.75808 0.08576 0.08576
33 0.55744 0.8576 0.08576 0
33.1 0.81472 0.6432 0.08576 0.08576
33.2 1.20064 1.20064 0.08576 0.08576
33.3 1.32928 1.02912 0.08576 0.08576
33.4 1.32928 1.11488 0.08576 0.08576
33.5 1.11488 1.41504 0.08576 0.08576
33.6 1.37216 0.94336 0.08576 0.17152
33.7 1.37216 1.15776 0.08576 0.04288
33.8 1.75808 0.72896 0.08576 0.12864
33.9 1.37216 1.15776 0.08576 0.08576
34 1.15776 1.41504 0.08576 0
34.1 1.072 1.45792 0.08576 0.08576
34.2 1.2864 1.2864 0.08576 0.08576
34.3 0.81472 1.7152 0.04288 0.08576
34.4 1.24352 1.2864 0.04288 0.08576
34.5 1.15776 1.24352 0.17152 0.08576
34.6 1.45792 1.072 0.08576 0.08576
34.7 1.37216 1.072 0.08576 0.17152
34.8 1.5008 0.98624 0.08576 0.04288
34.9 1.11488 1.41504 0.08576 0.04288
