0 0 0 0 0
0.1 0 0 0 0
0.2 0 0 0 0
0.3 0 0 0 0
0.4 0 0 0 0
0.5 0 0 0 0
0.6 0 0 0 0
0.7 0 0 0 0
0.8 0 0 0 0
0.9 0 0 0 0
1 0 0 0 0
1.1 0.4288 0 0 0
1.2 0 0.4288 0 0.17152
1.3 0 0 0.4288 0.47168
1.4 0.60032 0.47168 0 0.2144
1.5 0.08576 0.12864 0.60032 1.20064
1.6 0.90048 0.90048 0 0.6432
1.7 0.47168 0 0.90048 1.15776
1.8 0.94336 1.41504 0 0.25728
1.9 0 0 1.2864 1.41504
2 1.2864 0 0.12864 1.15776
2.1 0.90048 1.7152 0 0
2.2 0 0.34304 0.12864 2.05824
2.3 0 0 1.9296 0.6432
2.4 1.15776 0 0 1.41504
2.5 2.05824 0.51456 0 0.08576
2.6 0 2.65856 0.08576 0.08576
2.7 0 0 0.12864 1.15776
2.8 0 0 0.04288 0
2.9 0 0 0 0
3 0 0.04288 0 0
3.1 0 0 0 0
3.2 0 0 0.81472 1.15776
3.3 1.02912 0 1.02912 2.74432
3.4 2.5728 1.80096 0 0.08576
3.5 0.04288 1.32928 0.38592 2.44416
3.6 0.12864 0 2.05824 0.34304
3.7 2.40128 0 0 0
3.8 0.6432 2.65856 0 0.17152
3.9 0.30016 0.77184 0.12864 2.10112
4 0.2144 0.04288 1.32928 2.40128
4.1 0.94336 0.25728 0.34304 1.11488
4.2 0.94336 1.58656 0 0.2144
4.3 0.34304 0.47168 0.17152 1.7152
4.4 0.34304 0.2144 1.20064 0.94336
4.5 1.32928 0.34304 0.25728 0.68608
4.6 0.34304 1.32928 0.04288 1.02912
4.7 0.38592 0.34304 0.77184 1.15776
4.8 0.6432 0.55744 0.94336 0.60032
4.9 0.90048 1.072 0 0.68608
5 0.6432 0.34304 0.34304 1.37216
5.1 0.60032 0.25728 1.02912 0.8576
5.2 0.60032 0.90048 0.6432 0.51456
5.3 0.55744 0.77184 0 1.37216
5.4 1.20064 0.38592 0.4288 0.68608
5.5 0.17152 0.38592 1.15776 0.90048
5.6 0.68608 0.90048 0.81472 0.25728
5.7 0.51456 1.02912 0.2144 0.6432
5.8 0.6432 0.08576 0.12864 1.80096
5.9 0.72896 0.72896 0.60032 0.6432
6 0.81472 0.4288 0.47168 1.072
6.1 1.11488 0.47168 0.90048 0.2144
6.2 0.34304 1.37216 0.8576 0.12864
6.3 0.51456 0.68608 0.60032 0.8576
6.4 0.77184 0.25728 0.47168 1.15776
6.5 0.8576 0.30016 0.51456 0.98624
6.6 0.6432 1.02912 0.38592 0.6432
6.7 0.6432 0.6432 0.47168 0.94336
6.8 0.6432 0.38592 0.81472 0.81472
6.9 0.98624 0.47168 0.72896 0.34304
7 0.4288 0.8576 0.68608 0.2144
7.1 0.04288 0.12864 0 0.04288
7.2 0 0 0 0.04288
7.3 0 0 0 0.04288
7.4 0 0 0 0
7.5 0 0 0 0.08576
7.6 0 0 0 0
7.7 0 0 0 0
7.8 0 0 0 0
7.9 0 0 0 0
8 0 0 0 0.72896
8.1 0.77184 1.02912 0 0.6432
8.2 1.20064 1.37216 0.12864 1.97248
8.3 1.88672 0.98624 0.6432 0.38592
8.4 4.24512 3.73056 0.55744 4.75968
8.5 0.98624 0.60032 0.6432 0.55744
8.6 0.72896 0.72896 4.75968 1.15776
8.7 0.55744 0.6432 0 0.90048
8.8 0.94336 0.51456 0.08576 0.51456
8.9 0.47168 0.4288 0 0.94336
9 0.94336 0.60032 0.12864 0.8576
9.1 0.81472 0.60032 0.08576 0.81472
9.2 0.6432 0.8576 0.12864 0.81472
9.3 0.68608 0.55744 3.17312 0.72896
9.4 0.6432 0.55744 0.81472 0.68608
9.5 0.94336 0.51456 0.2144 1.072
9.6 0.90048 0.68608 0.38592 0.77184
9.7 0.60032 0.8576 0.4288 0.8576
9.8 0.77184 0.47168 0.8576 0.60032
9.9 0.77184 0.51456 0.60032 0.77184
10 0.60032 0.60032 0.55744 1.072
10.1 1.02912 0.68608 0.2144 0.72896
10.2 0.60032 0.77184 0.47168 0.72896
10.3 0.77184 0.4288 0.90048 0.51456
10.4 0.77184 0.60032 0.55744 0.77184
10.5 0.8576 0.68608 0.34304 0.77184
10.6 0.94336 0.72896 0.38592 0.55744
10.7 0.72896 0.8576 0.55744 0.60032
10.8 0.98624 0.60032 0.51456 0.55744
10.9 0.8576 0.6432 0.47168 0.72896
11 1.02912 0.98624 0.25728 0.4288
11.1 0.81472 0.8576 0.4288 0.60032
11.2 1.20064 0.55744 0.51456 0.38592
11.3 1.02912 1.02912 0.2144 0.51456
11.4 1.072 0.90048 0.25728 0.47168
11.5 0.98624 0.81472 0.55744 0.30016
11.6 1.15776 0.72896 0.25728 0.51456
11.7 1.11488 1.15776 0.12864 0.34304
11.8 1.11488 0.98624 0.38592 0.30016
11.9 1.24352 0.6432 0.34304 0.4288
12 1.24352 1.20064 0.04288 0.2144
12.1 1.072 1.02912 0.30016 0.34304
12.2 1.20064 0.72896 0.25728 0.25728
12.3 1.2864 1.15776 0.04288 0.2144
12.4 1.11488 1.11488 0.2144 0.30016
12.5 1.45792 0.81472 0.25728 0.2144
12.6 1.2864 1.20064 0 0.17152
12.7 1.11488 1.11488 0.30016 0.2144
12.8 1.41504 0.90048 0.12864 0.17152
12.9 1.32928 1.20064 0 0.17152
13 1.15776 1.20064 0.2144 0.17152
13.1 1.5008 0.81472 0.12864 0.17152
13.2 1.37216 1.24352 0 0.04288
13.3 1.20064 1.11488 0.12864 0.17152
13.4 1.41504 0.94336 0.12864 0.17152
13.5 1.41504 1.24352 0 0.08576
13.6 1.41504 1.11488 0.08576 0.08576
13.7 1.32928 1.20064 0.12864 0.12864
13.8 1.37216 1.20064 0 0.12864
13.9 1.5008 1.02912 0.17152 0.04288
14 1.45792 1.15776 0 0.12864
14.1 1.24352 1.2864 0.08576 0.08576
14.2 1.5008 0.98624 0.08576 0.08576
14.3 1.37216 1.24352 0 0.12864
14.4 1.45792 1.20064 0.08576 0
14.5 1.45792 1.02912 0.08576 0.12864
14.6 1.2864 1.24352 0 0.08576
14.7 1.5008 1.11488 0.08576 0
14.8 1.37216 1.11488 0.08576 0.12864
14.9 1.37216 1.20064 0.08576 0.08576
15 1.37216 1.24352 0 0.04288
15.1 1.45792 1.11488 0.08576 0.08576
15.2 1.32928 1.20064 0.08576 0.08576
15.3 1.41504 1.072 0.08576 0.12864
15.4 1.41504 1.15776 0 0.08576
15.5 1.2864 1.20064 0.08576 0.04288
15.6 1.37216 1.072 0.08576 0.08576
15.7 1.41504 1.072 0 0.12864
15.8 1.41504 1.2864 0.08576 0
15.9 1.37216 1.072 0.08576 0.08576
16 1.5008 1.11488 0 0.12864
16.1 1.24352 1.37216 0.08576 0
16.2 1.41504 0.94336 0.08576 0.12864
16.3 1.45792 1.20064 0 0.08576
16.4 1.37216 1.24352 0.08576 0.04288
16.5 1.5008 1.02912 0.08576 0.08576
16.6 1.2864 1.20064 0.08576 0.08576
16.7 1.37216 1.2864 0 0.04288
16.8 1.54368 0.94336 0.08576 0.08576
16.9 1.24352 1.20064 0.08576 0.12864
17 1.41504 1.2864 0 0
17.1 1.45792 0.98624 0.08576 0.17152
17.2 1.41504 1.24352 0.08576 0.04288
17.3 1.45792 1.32928 0 0
17.4 1.37216 1.11488 0.08576 0.2144
17.5 1.45792 1.11488 0.08576 0
17.6 1.37216 1.37216 0 0
17.7 1.41504 1.02912 0.08576 0.25728
17.8 1.45792 1.15776 0.08576 0
17.9 1.37216 1.2864 0.08576 0
18 1.37216 1.072 0 0.25728
18.1 1.5008 1.20064 0.08576 0
18.2 1.32928 1.24352 0.08576 0
18.3 1.37216 1.11488 0 0.25728
18.4 1.5008 1.11488 0.08576 0
18.5 1.32928 1.24352 0.08576 0.04288
18.6 1.32928 1.11488 0 0.2144
18.7 1.54368 1.11488 0.08576 0
18.8 1.2864 1.2864 0.08576 0.08576
18.9 1.37216 1.11488 0.08576 0.17152
19 1.54368 1.15776 0 0
19.1 1.24352 1.2864 0.08576 0.08576
19.2 1.37216 1.072 0.08576 0.17152
19.3 1.58656 1.15776 0 0
19.4 1.2864 1.2864 0.08576 0.08576
19.5 1.32928 0.94336 0.08576 0.17152
19.6 1.5008 1.20064 0 0
19.7 1.24352 1.32928 0 0.08576
19.8 1.37216 1.02912 0.08576 0.17152
19.9 1.5008 1.11488 0.08576 0
20 1.2864 1.37216 0 0
20.1 1.41504 1.02912 0.08576 0.25728
20.2 1.5008 1.11488 0.08576 0
20.3 1.072 1.5008 0.08576 0.08576
20.4 1.5008 0.94336 0.08576 0.17152
20.5 1.7152 1.02912 0 0
20.6 1.11488 1.37216 0.08576 0.08576
20.7 1.32928 1.15776 0.08576 0.17152
20.8 1.67232 1.02912 0 0
20.9 1.15776 1.41504 0 0.08576
21 1.37216 1.02912 0.17152 0.17152
21.1 1.67232 1.11488 0 0
21.2 1.20064 1.41504 0 0.08576
21.3 1.37216 0.98624 0.17152 0.17152
21.4 1.58656 1.15776 0 0
21.5 1.24352 1.24352 0 0.08576
21.6 1.20064 1.15776 0.17152 0.17152
21.7 1.54368 1.11488 0 0
21.8 1.37216 0.98624 0 0.08576
21.9 1.15776 1.37216 0.08576 0.17152
22 1.45792 1.11488 0.08576 0
22.1 1.62944 1.11488 0 0
22.2 1.11488 1.24352 0.08576 0.25728
22.3 1.41504 1.15776 0.08576 0
22.4 1.67232 1.11488 0 0
22.5 1.11488 1.2864 0.08576 0.17152
22.6 1.5008 1.072 0.08576 0.08576
22.7 1.41504 1.11488 0 0
22.8 1.11488 1.2864 0 0.17152
22.9 1.37216 1.02912 0.17152 0.08576
23 1.5008 1.2864 0 0
23.1 1.37216 1.11488 0 0.17152
23.2 1.20064 1.2864 0.17152 0.08576
23.3 1.62944 1.15776 0 0
23.4 1.5008 1.11488 0 0.08576
23.5 1.15776 1.20064 0.17152 0.17152
23.6 1.45792 1.20064 0 0
23.7 1.58656 1.072 0 0.08576
23.8 1.11488 1.37216 0.08576 0.17152
23.9 1.54368 1.072 0.08576 0
24 1.5008 1.15776 0 0.08576
24.1 1.2864 1.2864 0.04288 0.08576
24.2 1.2864 1.20064 0.12864 0.08576
24.3 1.62944 1.11488 0 0
24.4 1.2864 1.2864 0 0.17152
24.5 1.32928 1.15776 0.17152 0.08576
24.6 1.5008 1.24352 0 0
24.7 1.5008 1.02912 0 0.17152
24.8 1.15776 1.32928 0.17152 0.08576
24.9 1.5008 1.24352 0 0
25 1.62944 1.02912 0 0.08576
25.1 1.02912 1.2864 0.17152 0.17152
25.2 1.5008 1.24352 0 0
25.3 1.54368 1.072 0 0.08576
25.4 1.2864 1.20064 0.17152 0.08576
25.5 1.37216 1.24352 0 0.08576
25.6 1.5008 1.15776 0 0.08576
25.7 1.5008 1.11488 0 0.08576
25.8 1.20064 1.32928 0.17152 0.08576
25.9 1.54368 1.24352 0 0
26 1.67232 0.8576 0 0.17152
26.1 0.98624 1.37216 0.17152 0.08576
26.2 1.24352 1.45792 0 0
26.3 1.62944 0.81472 0 0.17152
26.4 1.37216 1.24352 0.17152 0
26.5 1.32928 1.32928 0 0.08576
26.6 1.5008 1.11488 0 0.08576
26.7 1.41504 1.11488 0.04288 0.08576
26.8 1.15776 1.2864 0.12864 0.08576
26.9 1.2864 1.32928 0 0.04288
27 1.80096 0.8576 0 0.12864
27.1 1.24352 1.24352 0.17152 0.08576
27.2 1.2864 1.41504 0 0
27.3 1.45792 1.02912 0 0.17152
27.4 1.45792 1.20064 0.08576 0
27.5 1.2864 1.2864 0.08576 0.08576
27.6 1.45792 1.11488 0 0.08576
27.7 1.58656 0.98624 0.08576 0.08576
27.8 1.20064 1.37216 0.08576 0.08576
27.9 1.20064 1.37216 0 0.08576
28 1.62944 0.94336 0 0.08576
28.1 1.32928 1.24352 0.17152 0
28.2 1.2864 1.32928 0 0.08576
28.3 1.5008 1.11488 0 0.17152
28.4 1.5008 1.11488 0.08576 0
28.5 1.20064 1.32928 0.08576 0.08576
28.6 1.2864 1.2864 0 0.08576
28.7 1.7152 0.8576 0 0.08576
28.8 1.2864 1.20064 0.17152 0.08576
28.9 1.2864 1.45792 0 0
29 1.45792 1.11488 0 0.17152
29.1 1.45792 1.11488 0.08576 0
29.2 1.2864 1.24352 0.08576 0.08576
29.3 1.15776 1.2864 0 0.08576
29.4 1.67232 0.77184 0.08576 0.08576
29.5 1.15776 1.2864 0.08576 0.08576
29.6 1.2864 1.32928 0 0
29.7 1.45792 1.072 0 0.17152
29.8 1.45792 1.15776 0.08576 0
29.9 1.2864 1.24352 0.08576 0.08576
30 1.20064 1.41504 0 0.08576
30.1 1.7152 0.77184 0.08576 0.08576
30.2 1.24352 1.2864 0.08576 0.08576
30.3 1.37216 1.37216 0 0
30.4 1.45792 1.11488 0 0.17152
30.5 1.45792 1.15776 0.08576 0
30.6 1.2864 1.20064 0.08576 0.08576
30.7 1.11488 1.5008 0 0.12864
30.8 1.67232 0.81472 0.08576 0.04288
30.9 1.37216 1.24352 0.08576 0
31 1.2864 1.32928 0 0.08576
31.1 1.45792 1.15776 0 0.17152
31.2 1.58656 1.072 0.08576 0
31.3 1.2864 1.2864 0.08576 0.08576
31.4 1.15776 1.45792 0 0.17152
31.5 1.67232 0.8576 0.08576 0
31.6 1.32928 1.32928 0.08576 0
31.7 1.32928 1.2864 0 0.17152
31.8 1.45792 1.20064 0 0.08576
31.9 1.58656 1.02912 0.08576 0
32 1.24352 1.2864 0.08576 0.08576
32.1 1.11488 1.37216 0 0.17152
32.2 1.58656 0.94336 0.08576 0
32.3 1.5008 1.2864 0 0
32.4 1.11488 1.2864 0.08576 0.17152
32.5 1.5008 1.15776 0 0.08576
32.6 1.5008 1.072 0.08576 0
32.7 1.11488 1.45792 0.08576 0.08576
32.8 1.32928 1.20064 0 0.17152
32.9 1.32928 1.24352 0.08576 0
33 1.11488 1.41504 0.08576 0.08576
33.1 1.32928 1.2864 0 0.17152
33.2 1.5008 1.02912 0.08576 0
33.3 1.20064 1.45792 0 0
33.4 1.41504 0.98624 0.08576 0.25728
33.5 1.32928 1.2864 0.08576 0
33.6 1.54368 1.072 0 0
33.7 1.15776 1.37216 0.08576 0.08576
33.8 1.45792 1.20064 0 0.17152
33.9 1.41504 1.072 0.08576 0
34 1.45792 1.15776 0 0
34.1 1.20064 1.32928 0.08576 0.08576
34.2 1.45792 1.02912 0.08576 0.17152
34.3 1.54368 1.20064 0 0
34.4 1.2864 1.45792 0 0.04288
34.5 1.41504 1.02912 0.08576 0.2144
34.6 1.32928 1.32928 0.08576 0
34.7 1.62944 1.11488 0 0
34.8 1.072 1.37216 0.08576 0.08576
34.9 1.5008 1.072 0 0.17152
