0 0 0 0
0.1 0 0 0
0.2 0 0 0
0.3 0 0 0
0.4 0 0 0
0.5 0 0 0
0.6 0 0 0
0.7 0 0 0
0.8 0 0 0
0.9 0 0 0
1 0 0 0
1.1 0 0 0
1.2 0 0 0
1.3 0 0 0
1.4 0 0 0
1.5 0 0 0
1.6 0 0 0
1.7 0 0 0
1.8 0 0 0
1.9 0 0 0
2 0 0 0
2.1 0 0 0
2.2 0 0 0
2.3 0 0 0
2.4 0 0 0
2.5 0 0 0
2.6 0 0 0
2.7 0 0 0
2.8 0 0 0
2.9 0 0 0
3 0 0 0
3.1 0.34304 0 0
3.2 0.2144 0.25728 0.25728
3.3 0.2144 0.38592 0.34304
3.4 0.30016 0.25728 0.08576
3.5 0.25728 0.30016 0.30016
3.6 0.47168 0.25728 0.2144
3.7 0.34304 0.34304 0.34304
3.8 0.51456 0.60032 0.51456
3.9 0.8576 0.55744 0.77184
4 0.77184 0.81472 0.72896
4.1 0.98624 0.90048 0.8576
4.2 0.55744 0.94336 1.24352
4.3 0.47168 1.02912 0.6432
4.4 0.77184 0.81472 0.81472
4.5 0.8576 0.81472 0.55744
4.6 0.60032 0.47168 0.77184
4.7 0.4288 0.12864 0.4288
4.8 0.60032 0.30016 0.2144
4.9 0.38592 0.60032 0.34304
5 0.08576 0.60032 0.30016
5.1 0.38592 0.30016 0.55744
5.2 0.8576 0.6432 0.77184
5.3 0.77184 0.6432 0.77184
5.4 0.30016 0.51456 0.51456
5.5 0.51456 0.68608 0.6432
5.6 0.55744 0.72896 0.25728
5.7 0.55744 0.38592 0.38592
5.8 0.04288 0.6432 0.51456
5.9 0 0.6432 0.04288
6 0 0.6432 0
6.1 0 0.81472 0
6.2 0 0.90048 0
6.3 0 0.90048 0
6.4 0 0.72896 0
6.5 0 1.072 0
6.6 0.04288 0.90048 0
6.7 6.6464 0.77184 7.54688
6.8 0.51456 0.30016 0.34304
6.9 0.81472 0.77184 0.47168
7 0.68608 0.81472 0.81472
7.1 0.4288 1.072 0.68608
7.2 0.77184 1.02912 0.81472
7.3 0.8576 0.98624 0.77184
7.4 0.51456 1.54368 0.60032
7.5 0.60032 1.32928 0.77184
7.6 0.6432 1.58656 0.47168
7.7 0.60032 1.15776 0.94336
7.8 0.72896 1.45792 0.51456
7.9 0.47168 1.54368 0.60032
8 0.51456 1.344 0.8576
8.1 0.6432 1.35168 0.60032
8.2 0.72896 1.18592 0.68608
8.3 0.55744 1.51552 0.60032
8.4 0.60032 1.43552 0.51456
8.5 0.51456 1.39072 0.72896
8.6 0.51456 1.43552 0.6432
8.7 0.72896 1.18784 0.6432
8.8 0.68608 1.3088 0.72896
8.9 0.47168 1.51744 0.60032
9 0.72896 1.26784 0.68608
9.1 0.51456 1.27168 0.8576
9.2 0.6432 1.72032 0.34304
9.3 0.4288 1.43168 0.72896
9.4 0.51456 1.2288 0.34304
9.5 0.55744 1.43552 0.60032
9.6 0.60032 1.18592 0.8576
9.7 0.72896 0.57344 0.55744
9.8 0.4288 1.02592 0.6432
9.9 0.6432 1.06496 0.72896
10 0.68608 1.43168 0.51456
10.1 0.51456 1.3536 0.81472
10.2 0.90048 0.94016 0.8576
10.3 0.68608 1.10784 0.90048
10.4 0.81472 1.39264 0.55744
10.5 0.60032 1.18592 0.90048
10.6 0.68608 1.27168 0.68608
10.7 0.81472 1.02208 0.90048
10.8 0.81472 1.2288 0.6432
10.9 0.4288 1.39264 0.81472
11 0.72896 0.45248 0.72896
11.1 0.6432 0 0.60032
11.2 0.77184 0 0.68608
11.3 0.4288 0 0.68608
11.4 0.6432 0 0.72896
11.5 0.51456 0 0.51456
11.6 0.51456 0 0.47168
11.7 0.38592 0 0.60032
11.8 0.47168 10.4429 0.25728
11.9 0.4288 0 0.8576
12 0.90048 0 0.68608
12.1 0.8576 0 0.98624
12.2 0.51456 1.07008 0.38592
12.3 0.25728 1.88672 0.60032
12.4 0.6432 1.58656 0.51456
12.5 1.072 0.60032 1.11488
12.6 0.34304 1.45792 0.60032
12.7 0.55744 1.54368 0.51456
12.8 0.81472 1.15776 0.68608
12.9 0.8576 0.60032 1.072
13 0.55744 1.32928 0.72896
13.1 0.81472 0.98624 0.72896
13.2 0.77184 1.15776 0.72896
13.3 0.30016 1.62944 0.77184
13.4 0.72896 1.24352 0.72896
13.5 1.11488 0.81472 0.81472
13.6 0.34304 1.41504 0.8576
13.7 0.72896 1.41504 0.60032
13.8 1.02912 0.81472 0.90048
13.9 0.47168 1.32928 0.90048
14 0.81472 1.24352 0.68608
14.1 0.47168 0.90048 0.6432
14.2 0.51456 0.38592 0.2144
14.3 0.34304 0.98624 0.68608
14.4 0.51456 0.81472 0.51456
14.5 0.47168 1.02912 0.60032
14.6 0.60032 0.8576 0.60032
14.7 0.55744 0.98624 0.68608
14.8 0.60032 1.072 0.60032
14.9 0.72896 1.15776 0.77184
15 0.90048 1.072 0.68608
15.1 0.51456 1.37216 0.8576
15.2 0.72896 1.20064 0.8576
15.3 0.90048 1.15776 0.68608
15.4 0.55744 1.32928 0.77184
15.5 0.68608 1.15776 0.90048
15.6 0.81472 1.15776 0.72896
15.7 0.68608 1.2864 0.72896
15.8 0.34304 1.41504 0.90048
15.9 0.98624 1.11488 0.60032
16 0.81472 1.072 0.8576
16.1 0.4288 1.2864 1.072
16.2 0.8576 1.2864 0.51456
16.3 0.77184 1.15776 0.72896
16.4 0.51456 1.20064 0.90048
16.5 0.90048 1.11488 0.72896
16.6 0.72896 1.32928 0.60032
16.7 0.55744 0.98624 1.15776
16.8 0.81472 0.8576 0.55744
16.9 0.38592 1.41504 0.47168
17 0.60032 0.8576 0.51456
17.1 0.34304 0.81472 0.77184
17.2 0.34304 0.55744 0.47168
17.3 0.6432 0.55744 0.30016
17.4 0.60032 1.24352 0.60032
17.5 0.55744 0.94336 0.47168
17.6 0.4288 0.94336 0.90048
17.7 0.72896 0.81472 0.51456
17.8 0.68608 1.24352 0.72896
17.9 0.51456 1.20064 0.94336
18 0.77184 1.20064 0.72896
18.1 0.8576 1.2864 0.55744
18.2 0.51456 1.24352 0.90048
18.3 0.77184 1.24352 0.68608
18.4 0.81472 1.072 0.81472
18.5 0.60032 1.24352 0.68608
18.6 0.47168 1.15776 0.6432
18.7 0.81472 0.94336 0.94336
18.8 0.81472 1.15776 0.6432
18.9 0.55744 1.45792 0.72896
19 0.72896 0.98624 0.94336
19.1 0.72896 1.32928 0.60032
19.2 0.72896 1.24352 0.81472
19.3 0.6432 1.15776 0.81472
19.4 0.72896 0.94336 0.72896
19.5 0.60032 1.11488 0.55744
19.6 0.47168 1.2864 0.81472
19.7 0.6432 0.60032 0.47168
19.8 0.77184 0.72896 0.72896
19.9 0.60032 1.24352 0.72896
20 0.4288 1.7152 0.6432
20.1 1.072 0.6432 0.94336
20.2 0.68608 1.24352 0.77184
20.3 0.47168 1.45792 0.68608
20.4 0.94336 0.98624 0.77184
20.5 0.68608 1.15776 0.81472
20.6 0.51456 1.41504 0.81472
20.7 0.90048 1.24352 0.6432
20.8 0.81472 1.02912 0.90048
20.9 0.51456 1.37216 0.8576
21 0.72896 1.2864 0.68608
21.1 0.6432 1.20064 0.8576
21.2 0.72896 1.11488 0.8576
21.3 0.72896 1.41504 0.60032
21.4 0.60032 1.24352 0.94336
21.5 0.81472 1.072 0.8576
21.6 0.72896 1.37216 0.68608
21.7 0.55744 1.32928 0.77184
21.8 0.8576 0.98624 0.8576
21.9 0.55744 1.24352 0.81472
22 0.8576 0.98624 0.81472
22.1 0.68608 1.32928 0.60032
22.2 0.68608 1.24352 0.90048
22.3 0.77184 0.98624 0.90048
22.4 0.8576 1.2864 0.6432
22.5 0.60032 1.02912 0.77184
22.6 0.38592 1.45792 0.90048
22.7 0.8576 0.81472 0.55744
22.8 0.72896 1.24352 0.72896
22.9 0.60032 1.20064 0.94336
23 0.60032 1.37216 0.6432
23.1 0.68608 0.90048 0.6432
23.2 0.38592 0.72896 0.47168
23.3 0.38592 0.68608 0.47168
23.4 0.2144 0.98624 0.68608
23.5 0.4288 0.6432 0.17152
23.6 0.68608 0.55744 0.55744
23.7 0.6432 1.15776 0.72896
23.8 0.4288 1.15776 0.90048
23.9 0.90048 1.24352 0.47168
24 0.55744 0.98624 0.60032
24.1 0.68608 0.98624 0.72896
24.2 0.51456 1.41504 0.81472
24.3 0.6432 1.11488 0.8576
24.4 0.6432 0.72896 0.30016
24.5 0.47168 0.68608 0.47168
24.6 0.30016 1.15776 0.77184
24.7 0.68608 0.8576 0.4288
24.8 0.6432 1.072 0.72896
24.9 0.6432 1.15776 0.90048
25 0.68608 1.37216 0.68608
25.1 0.77184 1.02912 0.72896
25.2 0.68608 1.11488 0.72896
25.3 0.55744 1.41504 0.72896
25.4 0.77184 0.98624 0.72896
25.5 0.72896 1.24352 0.68608
25.6 0.51456 1.24352 0.90048
25.7 0.72896 1.15776 0.77184
25.8 0.90048 1.20064 0.6432
25.9 0.60032 1.15776 0.98624
26 0.81472 1.24352 0.6432
26.1 0.77184 1.24352 0.77184
26.2 0.55744 1.24352 0.94336
26.3 0.77184 1.24352 0.68608
26.4 0.77184 1.20064 0.77184
26.5 0.60032 1.24352 0.8576
26.6 0.81472 1.15776 0.72896
26.7 0.6432 1.37216 0.72896
26.8 0.38592 1.45792 0.8576
26.9 0.8576 0.47168 0.4288
27 0.55744 0.94336 0.60032
27.1 0.4288 1.2864 0.77184
27.2 0.38592 1.2864 0.8576
27.3 0.81472 0.90048 0.47168
27.4 0.38592 0.81472 0.55744
27.5 0.47168 0.60032 0.25728
27.6 0.30016 0.72896 0.68608
27.7 0.34304 0.6432 0.51456
27.8 0.34304 0.77184 0.25728
27.9 0.34304 0.25728 0.47168
